$ANSIBLE_VAULT;1.1;AES256
36663364343234643239383439336334326663653932616636373462383961666264303232323437
3663363164663065613566366461353230333633336435360a613138653834646163396330636535
38616431366565333466666639313364313165613136313863653966366631383838343135396535
6330333930396164350a373330386464613536626430666438623866386337626238316536323764
64613336356132663361646332663830643532386362626230653762633963383661306565643161
65666231383865376663356231633763373634613261663934346437343734383632656134663835
34373163636262373632376534633864643064353064323161643139666130303637633064353535
32633130613130656634323432313762343364343362623935303966623832663332353464313037
38633131303666643266383462613732396166373835333639666330633165663661353961303135
36306566336661636435386136336432303332363163383438336436633362396631626530323732
64613232373262363539303262333965353032643830376161313535373565643261363064646133
38633736646631316230643434623263373033366333386264313965316266623731643735383334
30313637396263366330616432346236343933626137616436383861646461383836
